0 BUF AFC E 7 0
1 MIA AFC E 11 1
2 NE AFC E 10 0 
3 NYJ AFC E 10 0
4 CIN AFC N 10 0
5 BAL AFC N 10 0
6 CLE AFC N 9 0
7 PIT AFC N 9 0
8 JAX AFC S 11 0
9 TEN AFC S 6 0
10 IND AFC S 14 0
11 HOU AFC S 6 0
12 KC AFC W 8 1
13 LAC AFC W 8 0
14 LV AFC W 6 0
15 DEN AFC W 9 0
16 PHI NFC E 7 1
17 DAL NFC E 9 0
18 NYG NFC E 9 0
19 WAS NFC E 14 0
20 MIN NFC N 7 0
21 DET NFC N 6 0
22 GB NFC N 14 1 
23 CHI NFC N 14 0
24 TB NFC S 11 0
25 CAR NFC S 13 0 
26 NO NFC S 14 0
27 ATL NFC S 14 0
28 SF NFC W 9 0
29 SEA NFC W 11 0
30 LAR NFC W 7 0
31 ARI NFC W 13 0

0 EST
1 EST
2 EST
3 EST
4 EST
5 EST
6 EST
7 EST
8 EST
9 CST
10 EST
11 CST
12 CST
13 PST
14 PST
15 MST
16 EST
17 CST
18 EST
19 CST
20 EST
21 CST
22 CST
23 EST
24 EST
25 CST
26 EST
27 PST
28 PST
29 MST

0 0 14 0 0
1 0 1 0 4
2 0 8 0 2
3 0 18 0 2
4 0 24 0 0
5 0 15 0 0
6 0 3 0 1
7 0 17 0 2
8 0 2 0 1
9 1 15 1 0
10 1 18 1 2
11 1 25 1 0
12 1 2 1 1
13 1 14 1 0
14 1 9 1 0
15 1 3 1 1
16 1 17 1 2
17 1 0 1 4
18 2 16 2 0
19 2 1 2 1
20 2 26 2 1
21 2 0 2 1
22 2 19 2 0
23 2 10 2 1
24 2 13 2 0
25 2 12 2 0
26 2 3 2 2
27 3 0 3 1
28 3 2 3 2
29 3 12 3 0
30 3 16 3 0
31 3 13 3 0
32 3 1 3 1
33 3 27 3 1
34 3 11 3 1
35 3 19 3 0
36 4 5 4 4
37 4 30 4 0
38 4 29 4 2
39 4 0 4 3
40 4 11 4 0
41 4 7 4 3
42 4 10 4 0
43 4 20 4 2
44 4 6 4 1
45 5 11 5 0
46 5 10 5 0
47 5 21 5 2
48 5 29 5 2
49 5 6 5 1
50 5 4 5 4
51 5 30 5 0
52 5 1 5 2
53 5 7 5 3
54 6 4 6 1
55 6 9 6 1
56 6 5 6 1
57 6 28 6 0
58 6 31 6 1
59 6 7 6 1
60 6 8 6 0
61 6 23 6 1
62 6 3 6 1
63 7 28 7 2
64 7 6 7 1
65 7 5 7 3
66 7 8 7 2
67 7 9 7 0
68 7 22 7 0
69 7 31 7 0
70 7 2 7 0
71 7 4 7 3
72 8 12 8 3
73 8 11 8 1
74 8 27 8 0
75 8 10 8 1
76 8 28 8 2
77 8 9 8 1
78 8 4 8 2
79 8 5 8 2
80 8 25 8 0
81 9 13 9 0
82 9 4 9 0
83 9 5 9 0
84 9 27 9 1
85 9 25 9 1
86 9 10 9 2
87 9 11 9 2
88 9 29 9 0
89 9 8 9 1
90 10 8 10 1
91 10 30 10 1
92 10 9 10 2
93 10 7 10 0
94 10 26 10 1
95 10 24 10 1
96 10 6 10 1
97 10 14 10 1
98 10 11 10 2
99 11 10 11 2
100 11 6 11 1
101 11 26 11 1
102 11 24 11 1
103 11 31 11 1
104 11 8 11 1
105 11 15 11 1
106 11 7 11 0
107 11 9 11 2
108 12 21 12 2
109 12 23 12 0
110 12 15 12 1
111 12 13 12 3
112 12 1 12 2
113 12 16 12 4
114 12 0 12 2
115 12 14 12 1
116 12 4 12 4
117 13 1 13 2
118 13 14 13 1
119 13 17 13 2
120 13 23 13 0
121 13 21 13 2
122 13 5 13 2
123 13 15 13 1
124 13 0 13 2
125 13 12 13 3
126 14 7 14 0
127 14 22 14 1
128 14 2 14 1
129 14 18 14 0
130 14 3 14 1
131 14 12 14 1
132 14 20 14 0
133 14 13 14 1
134 14 15 14 2
135 15 14 15 2
136 15 19 15 0
137 15 3 15 1
138 15 22 15 1
139 15 12 15 1
140 15 20 15 0
141 15 6 15 1
142 15 2 15 1
143 15 13 15 1
144 16 20 16 2
145 16 19 16 1
146 16 1 16 2
147 16 17 16 3
148 16 0 16 2
149 16 28 16 4
150 16 18 16 4
151 16 31 16 0
152 17 3 17 0
153 17 2 17 0
154 17 30 17 0
155 17 18 17 3
156 17 19 17 1
157 17 29 17 2
158 17 16 17 3
159 17 21 17 2
160 18 17 3 3
161 18 29 3 2
162 18 19 3 1
163 18 3 3 0
164 18 2 3 0
165 18 22 3 0
166 18 30 3 0
167 18 16 3 4
168 19 31 18 0
169 19 0 18 0
170 19 23 18 0
171 19 16 18 1
172 19 18 18 1
173 19 1 18 0
174 19 28 18 0
175 19 17 18 1
176 20 24 19 0
177 20 13 19 2
178 20 12 19 2
179 20 28 19 2
180 20 26 19 0
181 20 23 19 1
182 20 21 19 3
183 20 22 19 1
184 21 29 20 2
185 21 27 20 0
186 21 25 20 0
187 21 14 20 0
188 21 23 20 1
189 21 22 20 1
190 21 15 20 0
191 21 20 20 3
192 22 26 21 1
193 22 21 21 1
194 22 20 21 1
195 22 30 21 1
196 22 13 21 0
197 22 12 21 0
198 22 24 21 1
199 22 23 21 2
200 23 22 22 2
201 23 15 22 1
202 23 20 22 1
203 23 14 22 1
204 23 25 22 1
205 23 21 22 1
206 23 31 22 1
207 23 27 22 1
208 24 23 23 1
209 24 16 23 0
210 24 21 23 0
211 24 27 23 2
212 24 9 23 1
213 24 25 23 2
214 24 8 23 0
215 24 26 23 2
216 25 26 24 2
217 25 20 24 0
218 25 11 24 1
219 25 10 24 1
220 25 17 24 0
221 25 27 24 2
222 25 22 24 1
223 25 24 24 2
224 26 9 25 1
225 26 24 25 2
226 26 8 25 0
227 26 23 25 1
228 26 21 25 0
229 26 25 25 2
230 26 18 25 0
231 26 27 25 2
232 27 25 26 2
233 27 22 26 1
234 27 11 26 1
235 27 19 26 0
236 27 20 26 0
237 27 26 26 2
238 27 24 26 2
239 27 10 26 1
240 28 18 27 2
241 28 31 27 1
242 28 17 27 3
243 28 4 27 2
244 28 24 27 0
245 28 29 27 4
246 28 5 27 2
247 28 30 27 1
248 29 30 28 1
249 29 25 28 0
250 29 31 28 1
251 29 7 28 2
252 29 19 28 0
253 29 28 28 4
254 29 16 28 2
255 29 6 28 0
256 30 28 13 1
257 30 16 13 0
258 30 31 13 2
259 30 6 13 1
260 30 29 13 1
261 30 7 13 0
262 30 19 13 0
263 30 26 13 1
264 31 18 29 0
265 31 17 29 0
266 31 4 29 0
267 31 5 29 0
268 31 27 29 1
269 31 30 29 2
270 31 28 29 1
271 31 29 29 1

12
16 L
