0 1 2 3 4 5 6 7 8 17 21 27 39 114 124 148 169
1 9 10 11 12 13 14 15 16 17 19 32 52 112 117 146
8 12 18 19 20 21 22 23 24 25 26 28 70 128 142 153 164 173
6 15 26 27 28 29 30 31 32 33 34 35 62 130 137 152 163
36 37 38 39 40 41 42 43 44 50 54 71 78 82 116 243 266
36 45 46 47 48 49 50 51 52 53 56 65 79 83 122 246 267
41 53 54 55 56 57 58 59 59 60 61 62 96 100 126 255 259
44 63 64 64 65 66 67 68 69 70 71 93 106 141 251 261
2 60 66 72 73 74 75 76 77 78 79 80 89 90 104 214 226
14 49 55 67 77 81 82 83 84 85 86 87 88 89 92 107 212 224
23 42 46 75 86 90 91 92 93 94 95 96 97 98 99 219 239
34 40 45 73 87 98 99 100 101 102 103 104 105 106 107 218 234
25 29 72 108 109 110 111 112 113 114 115 116 125 131 139 178 197
24 31 81 111 117 118 119 120 121 122 123 124 125 133 143 177 196
0 13 97 115 118 126 127 128 129 130 131 132 133 134 135 187 203
5 9 105 110 123 134 135 136 137 138 139 140 141 142 143 190 201
18 30 113 144 145 146 147 148 149 150 151 158 167 171 209 254 257
7 16 119 147 152 153 154 155 156 157 158 159 160 175 220 242 265
3 10 129 150 155 160 161 162 163 164 165 166 167 172 230 240 264
22 35 136 145 156 162 168 169 170 171 172 173 174 175 235 252 262
43 132 140 144 176 177 178 179 180 181 182 183 191 194 202 217 236
47 108 121 159 182 184 185 186 187 188 189 190 191 193 205 210 228
68 127 138 165 183 189 192 193 194 195 196 197 198 199 200 222 233
61 109 120 170 181 188 199 200 201 202 203 204 205 206 207 208 227
4 95 102 176 198 208 209 210 211 212 213 214 215 223 225 238 244
11 80 85 186 204 213 216 217 218 219 220 221 222 223 229 232 249
20 94 101 180 192 215 216 224 225 226 227 228 229 230 231 237 263
33 74 84 185 207 211 221 231 232 233 234 235 236 237 238 239 268
57 63 76 149 174 179 240 241 242 243 244 245 246 247 253 256 270
38 48 88 157 161 184 245 248 249 250 251 252 253 254 255 260 271
37 51 91 154 166 195 247 248 256 257 258 259 260 261 262 263 269
58 69 103 151 168 206 241 250 258 264 265 266 267 268 269 270 271
